mykim
minmin
1
1
1
-1 1 -1 1 -1 1 -1 1 -1 1 -1 1 -1 1 -1 
-1 1 -1 1 -1 -1 -1 1 -1 1 -1 1 -1 1 1 
-1 1 -1 1 1 1 -1 1 -1 1 -1 1 -1 1 -1 
-1 1 1 -1 -1 1 1 -1 -1 1 1 -1 -1 1 1 
1 -1 1 -1 1 -1 1 -1 1 -1 1 -1 1 -1 -1 
1 -1 1 -1 1 -1 1 -1 1 -1 1 -1 1 -1 1 
1 -1 1 -1 1 -1 1 -1 1 -1 1 -1 1 -1 -1 
1 -1 -1 1 1 -1 -1 1 1 -1 -1 1 1 -1 1 
-1 1 -1 1 -1 1 -1 1 -1 1 -1 1 -1 1 -1 
-1 1 -1 1 -1 1 -1 1 -1 1 -1 1 -1 1 1 
-1 1 -1 1 -1 1 -1 1 -1 1 -1 1 -1 1 -1 
-1 1 1 -1 -1 1 1 -1 -1 1 1 -1 -1 1 1 
1 -1 1 -1 1 -1 1 -1 1 -1 1 -1 1 -1 -1 
1 -1 1 -1 1 -1 1 -1 1 -1 1 -1 1 -1 1 
1 -1 1 -1 1 -1 1 -1 1 -1 1 -1 -1 1 -1 
